0	,	0	,	0	,	0	,	0
1	,	0.362918000	,	0.330060000	,	0.091607000	,	0
2	,	0.407177000	,	0.351872000	,	0.102435000	,	0
3	,	0.386461000	,	0.324762000	,	0.101483000	,	0
4	,	0.360743000	,	0.298189000	,	0.095530000	,	0
5	,	0.338118000	,	0.277031000	,	0.089059000	,	0
6	,	0.327395000	,	0.267038000	,	0.087916000	,	0
7	,	0.319475000	,	0.259448000	,	0.084360000	,	0
8	,	0.310290000	,	0.251621000	,	0.081034000	,	0
9	,	0.303241000	,	0.245567000	,	0.079891000	,	0
10	,	0.297965000	,	0.240805000	,	0.078184000	,	0
11	,	0.292817000	,	0.236439000	,	0.076701000	,	0
12	,	0.289349000	,	0.233422000	,	0.076309000	,	0
13	,	0.285836000	,	0.230004000	,	0.075437000	,	0
14	,	0.282402000	,	0.227102000	,	0.074632000	,	0
15	,	0.278806000	,	0.224304000	,	0.074763000	,	0
16	,	0.276831000	,	0.222327000	,	0.075368000	,	0
17	,	0.274925000	,	0.220727000	,	0.075328000	,	0
18	,	0.271289000	,	0.217490000	,	0.073743000	,	0
19	,	0.271195000	,	0.217712000	,	0.074042000	,	0
20	,	0.272866000	,	0.219406000	,	0.075335000	,	0
21	,	0.268873000	,	0.216130000	,	0.073700000	,	0
22	,	0.268088000	,	0.215369000	,	0.074336000	,	0
23	,	0.270967000	,	0.217997000	,	0.076573000	,	0
24	,	0.268788000	,	0.215844000	,	0.075418000	,	0
25	,	0.265593000	,	0.213140000	,	0.073791000	,	0
26	,	0.267293000	,	0.214528000	,	0.075494000	,	0
27	,	0.266897000	,	0.213937000	,	0.074572000	,	0
28	,	0.264597000	,	0.212135000	,	0.073813000	,	0
29	,	0.264654000	,	0.212087000	,	0.075067000	,	0
30	,	0.264283000	,	0.211492000	,	0.074771000	,	0
31	,	0.263280000	,	0.210759000	,	0.074120000	,	0
32	,	0.262569000	,	0.210287000	,	0.074483000	,	0
33	,	0.263150000	,	0.210491000	,	0.074236000	,	0
34	,	0.263040000	,	0.210928000	,	0.073714000	,	0
35	,	0.262818000	,	0.210713000	,	0.074272000	,	0
36	,	0.263472000	,	0.211102000	,	0.075446000	,	0
37	,	0.263903000	,	0.211655000	,	0.075574000	,	0
38	,	0.261190000	,	0.209184000	,	0.074199000	,	0
39	,	0.261593000	,	0.209400000	,	0.074750000	,	0
40	,	0.263604000	,	0.211136000	,	0.076224000	,	0
41	,	0.260666000	,	0.208457000	,	0.074231000	,	0
42	,	0.260548000	,	0.208484000	,	0.074856000	,	0
43	,	0.264524000	,	0.212013000	,	0.077703000	,	0
44	,	0.262555000	,	0.210136000	,	0.075943000	,	0
45	,	0.260040000	,	0.207844000	,	0.074831000	,	0
46	,	0.261959000	,	0.209506000	,	0.076508000	,	0
47	,	0.261472000	,	0.209138000	,	0.075124000	,	0
48	,	0.259964000	,	0.207899000	,	0.074738000	,	0
49	,	0.260281000	,	0.208129000	,	0.075576000	,	0
50	,	0.260263000	,	0.207999000	,	0.075355000	,	0
51	,	0.259597000	,	0.207361000	,	0.074998000	,	0
52	,	0.258939000	,	0.206797000	,	0.075296000	,	0
53	,	0.258524000	,	0.206199000	,	0.074412000	,	0
54	,	0.258254000	,	0.206030000	,	0.073714000	,	0
55	,	0.258221000	,	0.206123000	,	0.074513000	,	0
56	,	0.259359000	,	0.207200000	,	0.075015000	,	0
57	,	0.259969000	,	0.207686000	,	0.075558000	,	0
58	,	0.257574000	,	0.205609000	,	0.074540000	,	0
59	,	0.258177000	,	0.206125000	,	0.075534000	,	0
60	,	0.260197000	,	0.207790000	,	0.076249000	,	0
61	,	0.257322000	,	0.205203000	,	0.074117000	,	0
62	,	0.257715000	,	0.205665000	,	0.074928000	,	0
63	,	0.261468000	,	0.209043000	,	0.077862000	,	0
64	,	0.259417000	,	0.207164000	,	0.076242000	,	0
65	,	0.257363000	,	0.205332000	,	0.075545000	,	0
66	,	0.259750000	,	0.207304000	,	0.076715000	,	0
67	,	0.258539000	,	0.206393000	,	0.075872000	,	0
68	,	0.257052000	,	0.204936000	,	0.074478000	,	0
69	,	0.257576000	,	0.205541000	,	0.075563000	,	0
70	,	0.257392000	,	0.205164000	,	0.075200000	,	0
71	,	0.257066000	,	0.205173000	,	0.075043000	,	0
72	,	0.256568000	,	0.204526000	,	0.075763000	,	0
73	,	0.255945000	,	0.203801000	,	0.074869000	,	0
74	,	0.256104000	,	0.204247000	,	0.074480000	,	0
75	,	0.255831000	,	0.204115000	,	0.074813000	,	0
76	,	0.257127000	,	0.205218000	,	0.075812000	,	0
77	,	0.257755000	,	0.205718000	,	0.075479000	,	0
78	,	0.255557000	,	0.203819000	,	0.074604000	,	0
79	,	0.256211000	,	0.204346000	,	0.076042000	,	0
80	,	0.257869000	,	0.205877000	,	0.076721000	,	0
81	,	0.254839000	,	0.203111000	,	0.074442000	,	0
82	,	0.255269000	,	0.203583000	,	0.075354000	,	0
83	,	0.259106000	,	0.207080000	,	0.078147000	,	0
84	,	0.257522000	,	0.205577000	,	0.076363000	,	0
85	,	0.255772000	,	0.204016000	,	0.075531000	,	0
86	,	0.257458000	,	0.205598000	,	0.077312000	,	0
87	,	0.256691000	,	0.204670000	,	0.076119000	,	0
88	,	0.255355000	,	0.203636000	,	0.075455000	,	0
89	,	0.255675000	,	0.203922000	,	0.075723000	,	0
90	,	0.255422000	,	0.203568000	,	0.074844000	,	0
91	,	0.254983000	,	0.203359000	,	0.075155000	,	0
92	,	0.254928000	,	0.203361000	,	0.075782000	,	0
93	,	0.254492000	,	0.202563000	,	0.075320000	,	0
94	,	0.254570000	,	0.202756000	,	0.075209000	,	0
95	,	0.254541000	,	0.202791000	,	0.075512000	,	0
96	,	0.255629000	,	0.203418000	,	0.075924000	,	0
97	,	0.256257000	,	0.204055000	,	0.075905000	,	0
98	,	0.254087000	,	0.202401000	,	0.074700000	,	0
99	,	0.255396000	,	0.203562000	,	0.076304000	,	0
100	,	0.256847000	,	0.204755000	,	0.077195000	,	0
101	,	0.253791000	,	0.202178000	,	0.074976000	,	0
102	,	0.254588000	,	0.202804000	,	0.076098000	,	0
103	,	0.258414000	,	0.206275000	,	0.078517000	,	0
104	,	0.256078000	,	0.204047000	,	0.076121000	,	0
105	,	0.254853000	,	0.203092000	,	0.075950000	,	0
106	,	0.257005000	,	0.205064000	,	0.077775000	,	0
107	,	0.255855000	,	0.203876000	,	0.076146000	,	0
108	,	0.254618000	,	0.202962000	,	0.076101000	,	0
109	,	0.255110000	,	0.203165000	,	0.075953000	,	0
110	,	0.254909000	,	0.202963000	,	0.075476000	,	0
111	,	0.254553000	,	0.202685000	,	0.075223000	,	0
112	,	0.254629000	,	0.202740000	,	0.075849000	,	0
113	,	0.254226000	,	0.202238000	,	0.075389000	,	0
114	,	0.254258000	,	0.202473000	,	0.075572000	,	0
115	,	0.254509000	,	0.202512000	,	0.076172000	,	0
116	,	0.255318000	,	0.203242000	,	0.076452000	,	0
117	,	0.255817000	,	0.203645000	,	0.075973000	,	0
118	,	0.254306000	,	0.202131000	,	0.074742000	,	0
119	,	0.255075000	,	0.203286000	,	0.076371000	,	0
120	,	0.256225000	,	0.204074000	,	0.077352000	,	0
121	,	0.252933000	,	0.201114000	,	0.074997000	,	0
122	,	0.253756000	,	0.201888000	,	0.076248000	,	0
123	,	0.257290000	,	0.205145000	,	0.078239000	,	0
124	,	0.255123000	,	0.203097000	,	0.075538000	,	0
125	,	0.253654000	,	0.201738000	,	0.075178000	,	0
126	,	0.255993000	,	0.203635000	,	0.077358000	,	0
127	,	0.254648000	,	0.202421000	,	0.076022000	,	0
128	,	0.253212000	,	0.201362000	,	0.075658000	,	0
129	,	0.253229000	,	0.201154000	,	0.076204000	,	0
130	,	0.253000000	,	0.200880000	,	0.075251000	,	0
131	,	0.252778000	,	0.200832000	,	0.075023000	,	0
132	,	0.252862000	,	0.200956000	,	0.075132000	,	0
133	,	0.252394000	,	0.200342000	,	0.074251000	,	0
134	,	0.252559000	,	0.200545000	,	0.074877000	,	0
135	,	0.252498000	,	0.200743000	,	0.075465000	,	0
136	,	0.253626000	,	0.201633000	,	0.076360000	,	0
137	,	0.253992000	,	0.201843000	,	0.075968000	,	0
138	,	0.252152000	,	0.200346000	,	0.074594000	,	0
139	,	0.253256000	,	0.201340000	,	0.075507000	,	0
140	,	0.254988000	,	0.202806000	,	0.076602000	,	0
141	,	0.252217000	,	0.200221000	,	0.074835000	,	0
142	,	0.252850000	,	0.200989000	,	0.075923000	,	0
143	,	0.256402000	,	0.204011000	,	0.078278000	,	0
144	,	0.254146000	,	0.201952000	,	0.076002000	,	0
145	,	0.252619000	,	0.200642000	,	0.075281000	,	0
146	,	0.255087000	,	0.202982000	,	0.077386000	,	0
147	,	0.254189000	,	0.201952000	,	0.076089000	,	0
148	,	0.252972000	,	0.201045000	,	0.075711000	,	0
149	,	0.253134000	,	0.201132000	,	0.076422000	,	0
150	,	0.252657000	,	0.200627000	,	0.075529000	,	0
151	,	0.252136000	,	0.200338000	,	0.075255000	,	0
152	,	0.252271000	,	0.200167000	,	0.075420000	,	0
153	,	0.252099000	,	0.200012000	,	0.075068000	,	0
154	,	0.252280000	,	0.200119000	,	0.074551000	,	0
155	,	0.252301000	,	0.200199000	,	0.075640000	,	0
156	,	0.253456000	,	0.201038000	,	0.076542000	,	0
157	,	0.253847000	,	0.201307000	,	0.076050000	,	0
158	,	0.251485000	,	0.199314000	,	0.074697000	,	0
159	,	0.252825000	,	0.200459000	,	0.075764000	,	0
160	,	0.254437000	,	0.202001000	,	0.076327000	,	0
161	,	0.251695000	,	0.199637000	,	0.074453000	,	0
162	,	0.252352000	,	0.200255000	,	0.076066000	,	0
163	,	0.255988000	,	0.203505000	,	0.078724000	,	0
164	,	0.253728000	,	0.201376000	,	0.076313000	,	0
165	,	0.252127000	,	0.200096000	,	0.075838000	,	0
166	,	0.254788000	,	0.202427000	,	0.077314000	,	0
167	,	0.253816000	,	0.201461000	,	0.075757000	,	0
168	,	0.252638000	,	0.200652000	,	0.075553000	,	0
169	,	0.253274000	,	0.200941000	,	0.076400000	,	0
170	,	0.252917000	,	0.200527000	,	0.075880000	,	0
171	,	0.252837000	,	0.200396000	,	0.075874000	,	0
172	,	0.252460000	,	0.200038000	,	0.075881000	,	0
173	,	0.252094000	,	0.199683000	,	0.074320000	,	0
174	,	0.252329000	,	0.200102000	,	0.074597000	,	0
175	,	0.252330000	,	0.200321000	,	0.075547000	,	0
176	,	0.253591000	,	0.201395000	,	0.076365000	,	0
177	,	0.253978000	,	0.201580000	,	0.076245000	,	0
178	,	0.251974000	,	0.199899000	,	0.074964000	,	0
179	,	0.252940000	,	0.200842000	,	0.075879000	,	0
180	,	0.254369000	,	0.202197000	,	0.076251000	,	0
181	,	0.251864000	,	0.199851000	,	0.074574000	,	0
182	,	0.252642000	,	0.200679000	,	0.076007000	,	0
183	,	0.256843000	,	0.204345000	,	0.078969000	,	0
184	,	0.254192000	,	0.201995000	,	0.077184000	,	0
185	,	0.252764000	,	0.200703000	,	0.075880000	,	0
186	,	0.255302000	,	0.202777000	,	0.077385000	,	0
187	,	0.254163000	,	0.201711000	,	0.076024000	,	0
188	,	0.252983000	,	0.200799000	,	0.075516000	,	0
189	,	0.253554000	,	0.201297000	,	0.076328000	,	0
190	,	0.253492000	,	0.200970000	,	0.076237000	,	0
191	,	0.252941000	,	0.200643000	,	0.076022000	,	0
192	,	0.252667000	,	0.200203000	,	0.076093000	,	0
193	,	0.252106000	,	0.199632000	,	0.074890000	,	0
194	,	0.252320000	,	0.199775000	,	0.074615000	,	0
195	,	0.252885000	,	0.200471000	,	0.075276000	,	0
196	,	0.254327000	,	0.201486000	,	0.076542000	,	0
197	,	0.254524000	,	0.201663000	,	0.076621000	,	0
198	,	0.252057000	,	0.199566000	,	0.074842000	,	0
199	,	0.253091000	,	0.200649000	,	0.076154000	,	0
200	,	0.254390000	,	0.201765000	,	0.076328000	,	0
201	,	0.251839000	,	0.199502000	,	0.074795000	,	0
202	,	0.252821000	,	0.200252000	,	0.075781000	,	0
203	,	0.256903000	,	0.204316000	,	0.078583000	,	0
204	,	0.254693000	,	0.201986000	,	0.076427000	,	0
205	,	0.253009000	,	0.200623000	,	0.075888000	,	0
206	,	0.255591000	,	0.202886000	,	0.077610000	,	0
207	,	0.254543000	,	0.201917000	,	0.075942000	,	0
208	,	0.253317000	,	0.200975000	,	0.075351000	,	0
209	,	0.253760000	,	0.201450000	,	0.076068000	,	0
210	,	0.253605000	,	0.201226000	,	0.076040000	,	0
211	,	0.253162000	,	0.201077000	,	0.076034000	,	0
212	,	0.252534000	,	0.200876000	,	0.076118000	,	0
213	,	0.252637000	,	0.200298000	,	0.075322000	,	0
214	,	0.252464000	,	0.200509000	,	0.074770000	,	0
215	,	0.252397000	,	0.200600000	,	0.075018000	,	0
216	,	0.254259000	,	0.202019000	,	0.076019000	,	0
217	,	0.254731000	,	0.202470000	,	0.076099000	,	0
218	,	0.252648000	,	0.200762000	,	0.075126000	,	0
219	,	0.253719000	,	0.201568000	,	0.076544000	,	0
220	,	0.254992000	,	0.202761000	,	0.076710000	,	0
221	,	0.252253000	,	0.200325000	,	0.074618000	,	0
222	,	0.253059000	,	0.201069000	,	0.075460000	,	0
223	,	0.257404000	,	0.205015000	,	0.078428000	,	0
224	,	0.254974000	,	0.202915000	,	0.076412000	,	0
225	,	0.253331000	,	0.201419000	,	0.075744000	,	0
226	,	0.255913000	,	0.203686000	,	0.077776000	,	0
227	,	0.254815000	,	0.202404000	,	0.076387000	,	0
228	,	0.253589000	,	0.201330000	,	0.075396000	,	0
229	,	0.253946000	,	0.201713000	,	0.075864000	,	0
230	,	0.254139000	,	0.201836000	,	0.075371000	,	0
231	,	0.253866000	,	0.201696000	,	0.075621000	,	0
232	,	0.253354000	,	0.201346000	,	0.075964000	,	0
233	,	0.253298000	,	0.200899000	,	0.075351000	,	0
234	,	0.253473000	,	0.201122000	,	0.075028000	,	0
235	,	0.253707000	,	0.201611000	,	0.075906000	,	0
236	,	0.255226000	,	0.202806000	,	0.075974000	,	0
237	,	0.255887000	,	0.203143000	,	0.076212000	,	0
238	,	0.253730000	,	0.201653000	,	0.075110000	,	0
239	,	0.254690000	,	0.202283000	,	0.076556000	,	0
240	,	0.256046000	,	0.203447000	,	0.077063000	,	0
241	,	0.253123000	,	0.201067000	,	0.074674000	,	0
242	,	0.253671000	,	0.201535000	,	0.075766000	,	0
243	,	0.258025000	,	0.205540000	,	0.078410000	,	0
244	,	0.255700000	,	0.203262000	,	0.076011000	,	0
245	,	0.254463000	,	0.202261000	,	0.076489000	,	0
246	,	0.256990000	,	0.204419000	,	0.077743000	,	0
247	,	0.255819000	,	0.203263000	,	0.076652000	,	0
248	,	0.254382000	,	0.202230000	,	0.075619000	,	0
249	,	0.254820000	,	0.202341000	,	0.076127000	,	0
250	,	0.254798000	,	0.202369000	,	0.075639000	,	0
251	,	0.254622000	,	0.202378000	,	0.075340000	,	0
252	,	0.254149000	,	0.202001000	,	0.075792000	,	0
253	,	0.253808000	,	0.201346000	,	0.075365000	,	0
254	,	0.253862000	,	0.201425000	,	0.075365000	,	0
255	,	0.253909000	,	0.201551000	,	0.075307000	,	0
256	,	0.255160000	,	0.202684000	,	0.076037000	,	0
257	,	0.255857000	,	0.203224000	,	0.076102000	,	0
258	,	0.253860000	,	0.201523000	,	0.075053000	,	0
259	,	0.254944000	,	0.202573000	,	0.076328000	,	0
260	,	0.256451000	,	0.203830000	,	0.077395000	,	0
261	,	0.253595000	,	0.201214000	,	0.075241000	,	0
262	,	0.253898000	,	0.201627000	,	0.075925000	,	0
263	,	0.257648000	,	0.205015000	,	0.078045000	,	0
264	,	0.255797000	,	0.203406000	,	0.076329000	,	0
265	,	0.253949000	,	0.201965000	,	0.075359000	,	0
266	,	0.256752000	,	0.204330000	,	0.077599000	,	0
267	,	0.255493000	,	0.202984000	,	0.076286000	,	0
268	,	0.253920000	,	0.201983000	,	0.075921000	,	0
269	,	0.254308000	,	0.202113000	,	0.076082000	,	0
270	,	0.254411000	,	0.202243000	,	0.075577000	,	0
271	,	0.254058000	,	0.202106000	,	0.075669000	,	0
272	,	0.253788000	,	0.201894000	,	0.075713000	,	0
273	,	0.253976000	,	0.201897000	,	0.075662000	,	0
274	,	0.253690000	,	0.201645000	,	0.075040000	,	0
275	,	0.253632000	,	0.201569000	,	0.075631000	,	0
276	,	0.254885000	,	0.202718000	,	0.076558000	,	0
277	,	0.255685000	,	0.203487000	,	0.076185000	,	0
278	,	0.253718000	,	0.201690000	,	0.074894000	,	0
279	,	0.254704000	,	0.202805000	,	0.075860000	,	0
280	,	0.256404000	,	0.204165000	,	0.077077000	,	0
281	,	0.253467000	,	0.201411000	,	0.074998000	,	0
282	,	0.253903000	,	0.202027000	,	0.075981000	,	0
283	,	0.257654000	,	0.205236000	,	0.078322000	,	0
284	,	0.255490000	,	0.203351000	,	0.076217000	,	0
285	,	0.254326000	,	0.202329000	,	0.075503000	,	0
286	,	0.257024000	,	0.204616000	,	0.077680000	,	0
287	,	0.255921000	,	0.203535000	,	0.076204000	,	0
288	,	0.254376000	,	0.202503000	,	0.076088000	,	0
289	,	0.254792000	,	0.202487000	,	0.076560000	,	0
290	,	0.254738000	,	0.202468000	,	0.076263000	,	0
291	,	0.254314000	,	0.202238000	,	0.075610000	,	0
292	,	0.253868000	,	0.202002000	,	0.075195000	,	0
293	,	0.254343000	,	0.202178000	,	0.075371000	,	0
294	,	0.254012000	,	0.201840000	,	0.075300000	,	0
295	,	0.253651000	,	0.201578000	,	0.075644000	,	0
296	,	0.254954000	,	0.202552000	,	0.076807000	,	0
297	,	0.255809000	,	0.203285000	,	0.076260000	,	0
298	,	0.253638000	,	0.201330000	,	0.075026000	,	0
299	,	0.254751000	,	0.202500000	,	0.075756000	,	0
300	,	0.256490000	,	0.204041000	,	0.077053000	,	0
301	,	0.253627000	,	0.201272000	,	0.074934000	,	0
302	,	0.254056000	,	0.201813000	,	0.075821000	,	0
303	,	0.258156000	,	0.205461000	,	0.079051000	,	0
304	,	0.255839000	,	0.203390000	,	0.076578000	,	0
305	,	0.254058000	,	0.201920000	,	0.075692000	,	0
306	,	0.257062000	,	0.204608000	,	0.077285000	,	0
307	,	0.256163000	,	0.203635000	,	0.076333000	,	0
308	,	0.254607000	,	0.202361000	,	0.076015000	,	0
309	,	0.254802000	,	0.202491000	,	0.076577000	,	0
310	,	0.254951000	,	0.202637000	,	0.076367000	,	0
311	,	0.254281000	,	0.202260000	,	0.075898000	,	0
312	,	0.253680000	,	0.201731000	,	0.075697000	,	0
313	,	0.254061000	,	0.201854000	,	0.075077000	,	0
314	,	0.253846000	,	0.201820000	,	0.075019000	,	0
315	,	0.253433000	,	0.201646000	,	0.075844000	,	0
316	,	0.254979000	,	0.202730000	,	0.076724000	,	0
317	,	0.255975000	,	0.203583000	,	0.076778000	,	0
318	,	0.253667000	,	0.201523000	,	0.074908000	,	0
319	,	0.254554000	,	0.202300000	,	0.075856000	,	0
320	,	0.256318000	,	0.203858000	,	0.076908000	,	0
321	,	0.253642000	,	0.201521000	,	0.074876000	,	0
322	,	0.254004000	,	0.201889000	,	0.076048000	,	0
323	,	0.258417000	,	0.205836000	,	0.078871000	,	0
324	,	0.256314000	,	0.203815000	,	0.077107000	,	0
325	,	0.254145000	,	0.202043000	,	0.075779000	,	0
326	,	0.257065000	,	0.204414000	,	0.077388000	,	0
327	,	0.256211000	,	0.203784000	,	0.076299000	,	0
328	,	0.254707000	,	0.202622000	,	0.075530000	,	0
329	,	0.254864000	,	0.202605000	,	0.076459000	,	0
330	,	0.254941000	,	0.202525000	,	0.076108000	,	0
331	,	0.254412000	,	0.202459000	,	0.075807000	,	0
332	,	0.253732000	,	0.201657000	,	0.075853000	,	0
333	,	0.254084000	,	0.201713000	,	0.075003000	,	0
334	,	0.253794000	,	0.201666000	,	0.074625000	,	0
335	,	0.253567000	,	0.201733000	,	0.075438000	,	0
336	,	0.255150000	,	0.202853000	,	0.076556000	,	0
337	,	0.256200000	,	0.203703000	,	0.076764000	,	0
338	,	0.253705000	,	0.201514000	,	0.075555000	,	0
339	,	0.253986000	,	0.201929000	,	0.075707000	,	0
340	,	0.255887000	,	0.203520000	,	0.076788000	,	0
341	,	0.253033000	,	0.201129000	,	0.074680000	,	0
342	,	0.253496000	,	0.201599000	,	0.075804000	,	0
343	,	0.257809000	,	0.205415000	,	0.078738000	,	0
344	,	0.255788000	,	0.203661000	,	0.077052000	,	0
345	,	0.253573000	,	0.201687000	,	0.075776000	,	0
346	,	0.256214000	,	0.203867000	,	0.077676000	,	0
347	,	0.255846000	,	0.203402000	,	0.076714000	,	0
348	,	0.253858000	,	0.201795000	,	0.075862000	,	0
349	,	0.254507000	,	0.202325000	,	0.076649000	,	0
350	,	0.254689000	,	0.202257000	,	0.076409000	,	0
351	,	0.254017000	,	0.201864000	,	0.076317000	,	0
352	,	0.253360000	,	0.201236000	,	0.076289000	,	0
353	,	0.253537000	,	0.201177000	,	0.075901000	,	0
354	,	0.253452000	,	0.201142000	,	0.075316000	,	0
355	,	0.253149000	,	0.201073000	,	0.075723000	,	0
356	,	0.254911000	,	0.202529000	,	0.076870000	,	0
357	,	0.256067000	,	0.203474000	,	0.077251000	,	0
358	,	0.253397000	,	0.201250000	,	0.076103000	,	0
359	,	0.254240000	,	0.202282000	,	0.077014000	,	0
360	,	0.256011000	,	0.203615000	,	0.077866000	,	0
361	,	0.253043000	,	0.201040000	,	0.075195000	,	0
362	,	0.253439000	,	0.201440000	,	0.075935000	,	0
363	,	0.257890000	,	0.205538000	,	0.079235000	,	0
364	,	0.255870000	,	0.203562000	,	0.077101000	,	0
365	,	0.253572000	,	0.201525000	,	0.076229000	,	0
366	,	0.256554000	,	0.204094000	,	0.077837000	,	0
367	,	0.255556000	,	0.202951000	,	0.076803000	,	0
368	,	0.254143000	,	0.201921000	,	0.075901000	,	0
369	,	0.254458000	,	0.202207000	,	0.076331000	,	0
370	,	0.254822000	,	0.202327000	,	0.076440000	,	0
371	,	0.254072000	,	0.201717000	,	0.075954000	,	0
372	,	0.252973000	,	0.200860000	,	0.076015000	,	0
373	,	0.253261000	,	0.200781000	,	0.075731000	,	0
374	,	0.253593000	,	0.200976000	,	0.075223000	,	0
375	,	0.252671000	,	0.200755000	,	0.075063000	,	0
376	,	0.253912000	,	0.201546000	,	0.076231000	,	0
377	,	0.255325000	,	0.202656000	,	0.076478000	,	0
378	,	0.252614000	,	0.200587000	,	0.075365000	,	0
379	,	0.252934000	,	0.200825000	,	0.075900000	,	0
380	,	0.254550000	,	0.202278000	,	0.077256000	,	0
381	,	0.251762000	,	0.199846000	,	0.074836000	,	0
382	,	0.252576000	,	0.200484000	,	0.075703000	,	0
383	,	0.256412000	,	0.204114000	,	0.077876000	,	0
384	,	0.254441000	,	0.202312000	,	0.076587000	,	0
385	,	0.253022000	,	0.200984000	,	0.076311000	,	0
386	,	0.255202000	,	0.202969000	,	0.077593000	,	0
387	,	0.254216000	,	0.202068000	,	0.076134000	,	0
388	,	0.252892000	,	0.201007000	,	0.075756000	,	0
389	,	0.253117000	,	0.201130000	,	0.076074000	,	0
390	,	0.253020000	,	0.200922000	,	0.075437000	,	0
391	,	0.252670000	,	0.200736000	,	0.075773000	,	0
392	,	0.252397000	,	0.200499000	,	0.075781000	,	0
393	,	0.251992000	,	0.199939000	,	0.075453000	,	0
394	,	0.252101000	,	0.200175000	,	0.074689000	,	0
395	,	0.252017000	,	0.200108000	,	0.075299000	,	0
396	,	0.253035000	,	0.200909000	,	0.075639000	,	0
397	,	0.253743000	,	0.201533000	,	0.075577000	,	0
398	,	0.252277000	,	0.200170000	,	0.074915000	,	0
399	,	0.253212000	,	0.201025000	,	0.076260000	,	0
400	,	0.253833000	,	0.201758000	,	0.076792000	,	0
401	,	0.253206000	,	0.200927000	,	0.075784000	,	0
402	,	0.258514000	,	0.205436000	,	0.078430000	,	0
403	,	0.267746000	,	0.213132000	,	0.081701000	,	0
404	,	0.270782000	,	0.215489000	,	0.081373000	,	0
405	,	0.275037000	,	0.218773000	,	0.082162000	,	0
406	,	0.283444000	,	0.225876000	,	0.085526000	,	0
407	,	0.288156000	,	0.229285000	,	0.084755000	,	0
408	,	0.292821000	,	0.233143000	,	0.085467000	,	0
409	,	0.299506000	,	0.238658000	,	0.087549000	,	0
410	,	0.305388000	,	0.243467000	,	0.087437000	,	0
411	,	0.311636000	,	0.248512000	,	0.089572000	,	0
412	,	0.317695000	,	0.253458000	,	0.091461000	,	0
413	,	0.324038000	,	0.258184000	,	0.091692000	,	0
414	,	0.329554000	,	0.262954000	,	0.092099000	,	0
415	,	0.334925000	,	0.267814000	,	0.094166000	,	0
416	,	0.342326000	,	0.273857000	,	0.095736000	,	0
417	,	0.346970000	,	0.278015000	,	0.095078000	,	0
418	,	0.348312000	,	0.279194000	,	0.094133000	,	0
419	,	0.354057000	,	0.284099000	,	0.097404000	,	0
420	,	0.360129000	,	0.289091000	,	0.098681000	,	0
421	,	0.358073000	,	0.286850000	,	0.095388000	,	0
422	,	0.362771000	,	0.290875000	,	0.098851000	,	0
423	,	0.372290000	,	0.298841000	,	0.103219000	,	0
424	,	0.371069000	,	0.297097000	,	0.100217000	,	0
425	,	0.371534000	,	0.296930000	,	0.101037000	,	0
426	,	0.377966000	,	0.301973000	,	0.104980000	,	0
427	,	0.378053000	,	0.301393000	,	0.103694000	,	0
428	,	0.377007000	,	0.299940000	,	0.103544000	,	0
429	,	0.380130000	,	0.302036000	,	0.105807000	,	0
430	,	0.381411000	,	0.302084000	,	0.105184000	,	0
431	,	0.382040000	,	0.302468000	,	0.106257000	,	0
432	,	0.383909000	,	0.303526000	,	0.108849000	,	0
433	,	0.386916000	,	0.304669000	,	0.109282000	,	0
434	,	0.386843000	,	0.304049000	,	0.108487000	,	0
435	,	0.388022000	,	0.304755000	,	0.111617000	,	0
436	,	0.392983000	,	0.308139000	,	0.113745000	,	0
437	,	0.393061000	,	0.307364000	,	0.112304000	,	0
438	,	0.390325000	,	0.304466000	,	0.112004000	,	0
439	,	0.395455000	,	0.308351000	,	0.116858000	,	0
440	,	0.401132000	,	0.312704000	,	0.120440000	,	0
441	,	0.395290000	,	0.306411000	,	0.115579000	,	0
442	,	0.400028000	,	0.310012000	,	0.120194000	,	0
443	,	0.409478000	,	0.317602000	,	0.126323000	,	0
444	,	0.405669000	,	0.313645000	,	0.122587000	,	0
445	,	0.406168000	,	0.313245000	,	0.123916000	,	0
446	,	0.414340000	,	0.319596000	,	0.129401000	,	0
447	,	0.415107000	,	0.319128000	,	0.128114000	,	0
448	,	0.411668000	,	0.315666000	,	0.127996000	,	0
449	,	0.415881000	,	0.318820000	,	0.131786000	,	0
450	,	0.418430000	,	0.319509000	,	0.132009000	,	0
451	,	0.418329000	,	0.318988000	,	0.132268000	,	0
452	,	0.421883000	,	0.321179000	,	0.135559000	,	0
453	,	0.424741000	,	0.322041000	,	0.136976000	,	0
454	,	0.422468000	,	0.318981000	,	0.135513000	,	0
455	,	0.425137000	,	0.320926000	,	0.138809000	,	0
456	,	0.431521000	,	0.324870000	,	0.143410000	,	0
457	,	0.428424000	,	0.320388000	,	0.140574000	,	0
458	,	0.423713000	,	0.315258000	,	0.139853000	,	0
459	,	0.428635000	,	0.318429000	,	0.146622000	,	0
460	,	0.434855000	,	0.322469000	,	0.151369000	,	0
461	,	0.428220000	,	0.315135000	,	0.145682000	,	0
462	,	0.433796000	,	0.318987000	,	0.152042000	,	0
463	,	0.444087000	,	0.326607000	,	0.159683000	,	0
464	,	0.438907000	,	0.320170000	,	0.155423000	,	0
465	,	0.438142000	,	0.318533000	,	0.157099000	,	0
466	,	0.446108000	,	0.323803000	,	0.163920000	,	0
467	,	0.445219000	,	0.320972000	,	0.162423000	,	0
468	,	0.439942000	,	0.315588000	,	0.160351000	,	0
469	,	0.445926000	,	0.319837000	,	0.166691000	,	0
470	,	0.449139000	,	0.320766000	,	0.168025000	,	0
471	,	0.443019000	,	0.314770000	,	0.164446000	,	0
472	,	0.444722000	,	0.315761000	,	0.168266000	,	0
473	,	0.448737000	,	0.318103000	,	0.170955000	,	0
474	,	0.441479000	,	0.310766000	,	0.165869000	,	0
475	,	0.440654000	,	0.310385000	,	0.168286000	,	0
476	,	0.444918000	,	0.313376000	,	0.172165000	,	0
477	,	0.439889000	,	0.307933000	,	0.167655000	,	0
478	,	0.432971000	,	0.302081000	,	0.165204000	,	0
479	,	0.436908000	,	0.305677000	,	0.170387000	,	0
480	,	0.441353000	,	0.309075000	,	0.173708000	,	0
481	,	0.431346000	,	0.299978000	,	0.166557000	,	0
482	,	0.433275000	,	0.301790000	,	0.170383000	,	0
483	,	0.441013000	,	0.308353000	,	0.176823000	,	0
484	,	0.434647000	,	0.302563000	,	0.171656000	,	0
485	,	0.430815000	,	0.299357000	,	0.169604000	,	0
486	,	0.437076000	,	0.304659000	,	0.175060000	,	0
487	,	0.435180000	,	0.302571000	,	0.172713000	,	0
488	,	0.427114000	,	0.295990000	,	0.168415000	,	0
489	,	0.430155000	,	0.299197000	,	0.172330000	,	0
490	,	0.433011000	,	0.300987000	,	0.173949000	,	0
491	,	0.426797000	,	0.295749000	,	0.169621000	,	0
492	,	0.428038000	,	0.297306000	,	0.172010000	,	0
493	,	0.432745000	,	0.300852000	,	0.175264000	,	0
494	,	0.425928000	,	0.294639000	,	0.168785000	,	0
495	,	0.425364000	,	0.294965000	,	0.170843000	,	0
496	,	0.430022000	,	0.298593000	,	0.174911000	,	0
497	,	0.426315000	,	0.294820000	,	0.170529000	,	0
498	,	0.419532000	,	0.289540000	,	0.166602000	,	0
499	,	0.423418000	,	0.293618000	,	0.171080000	,	0
500	,	0.428853000	,	0.297918000	,	0.175293000	,	0
501	,	0.419393000	,	0.289464000	,	0.167462000	,	0
502	,	0.421294000	,	0.291678000	,	0.170809000	,	0
503	,	0.429338000	,	0.298602000	,	0.177347000	,	0
504	,	0.424675000	,	0.294408000	,	0.173175000	,	0
505	,	0.419442000	,	0.290138000	,	0.170793000	,	0
506	,	0.426148000	,	0.295958000	,	0.175931000	,	0
507	,	0.426951000	,	0.296536000	,	0.176579000	,	0
508	,	0.416587000	,	0.287918000	,	0.169081000	,	0
509	,	0.419518000	,	0.290919000	,	0.172593000	,	0
510	,	0.422731000	,	0.293227000	,	0.174256000	,	0
511	,	0.416878000	,	0.288352000	,	0.170074000	,	0
512	,	0.417921000	,	0.289633000	,	0.172153000	,	0
513	,	0.422442000	,	0.293140000	,	0.174737000	,	0
514	,	0.416839000	,	0.287736000	,	0.169489000	,	0
515	,	0.416167000	,	0.287997000	,	0.171044000	,	0
516	,	0.420779000	,	0.292018000	,	0.174746000	,	0
517	,	0.417562000	,	0.288351000	,	0.170484000	,	0
518	,	0.411176000	,	0.283277000	,	0.167095000	,	0
519	,	0.414870000	,	0.287052000	,	0.171263000	,	0
520	,	0.420627000	,	0.292130000	,	0.175404000	,	0
521	,	0.411663000	,	0.283929000	,	0.167891000	,	0
522	,	0.413747000	,	0.286515000	,	0.171359000	,	0
523	,	0.422215000	,	0.293724000	,	0.177940000	,	0
524	,	0.417754000	,	0.289844000	,	0.173802000	,	0
525	,	0.412539000	,	0.285337000	,	0.170883000	,	0
526	,	0.419244000	,	0.291234000	,	0.176129000	,	0
527	,	0.420486000	,	0.292360000	,	0.176942000	,	0
528	,	0.411949000	,	0.285420000	,	0.171354000	,	0
529	,	0.413876000	,	0.287557000	,	0.173665000	,	0
530	,	0.415795000	,	0.288595000	,	0.174405000	,	0
531	,	0.412375000	,	0.285873000	,	0.172457000	,	0
532	,	0.412531000	,	0.286429000	,	0.173571000	,	0
533	,	0.414752000	,	0.287924000	,	0.174491000	,	0
534	,	0.409874000	,	0.283512000	,	0.169801000	,	0
535	,	0.409376000	,	0.283948000	,	0.171179000	,	0
536	,	0.413938000	,	0.287770000	,	0.175054000	,	0
537	,	0.410813000	,	0.284353000	,	0.171027000	,	0
538	,	0.404464000	,	0.279506000	,	0.167371000	,	0
539	,	0.407923000	,	0.283231000	,	0.171423000	,	0
540	,	0.413724000	,	0.288222000	,	0.175752000	,	0
541	,	0.404698000	,	0.279909000	,	0.168245000	,	0
542	,	0.406118000	,	0.282107000	,	0.171064000	,	0
543	,	0.414818000	,	0.289859000	,	0.177984000	,	0
544	,	0.410557000	,	0.286189000	,	0.174496000	,	0
545	,	0.404450000	,	0.281190000	,	0.170154000	,	0
546	,	0.410948000	,	0.287202000	,	0.175340000	,	0
547	,	0.413025000	,	0.289024000	,	0.176504000	,	0
548	,	0.404249000	,	0.281765000	,	0.170545000	,	0
549	,	0.405801000	,	0.283679000	,	0.172788000	,	0
550	,	0.407636000	,	0.284689000	,	0.173146000	,	0
551	,	0.404702000	,	0.282787000	,	0.171409000	,	0
552	,	0.404498000	,	0.282794000	,	0.171893000	,	0
553	,	0.405908000	,	0.283513000	,	0.172212000	,	0
554	,	0.401346000	,	0.279516000	,	0.167761000	,	0
555	,	0.400935000	,	0.279882000	,	0.169106000	,	0
556	,	0.405313000	,	0.283675000	,	0.172611000	,	0
557	,	0.401914000	,	0.280169000	,	0.168915000	,	0
558	,	0.395680000	,	0.275321000	,	0.165261000	,	0
559	,	0.399269000	,	0.279027000	,	0.169201000	,	0
560	,	0.296418000	,	0.197657000	,	0.105754000	,	0
561	,	0.246416000	,	0.163194000	,	0.086459000	,	0
562	,	0.204971000	,	0.135256000	,	0.071372000	,	0
563	,	0.169949000	,	0.111450000	,	0.057867000	,	0
564	,	0.139485000	,	0.090823000	,	0.046426000	,	0
565	,	0.112759000	,	0.072546000	,	0.035620000	,	0
566	,	0.090054000	,	0.056937000	,	0.026526000	,	0
567	,	0.070021000	,	0.043286000	,	0.019108000	,	0
568	,	0.053289000	,	0.031959000	,	0.012502000	,	0
569	,	0.038771000	,	0.021791000	,	0.006818000	,	0
570	,	0.000000000	,	0.000000000	,	0.000000000	,	0
571	,	0.000000000	,	0.000000000	,	0.000000000	,	0
572	,	0.000000000	,	0.000000000	,	0.000000000	,	0
573	,	0.000000000	,	0.000000000	,	0.000000000	,	0
574	,	0.000000000	,	0.000000000	,	0.000000000	,	0
575	,	0.000000000	,	0.000000000	,	0.000000000	,	0
576	,	0.000000000	,	0.000000000	,	0.000000000	,	0
577	,	0.000000000	,	0.000000000	,	0.000000000	,	0
578	,	0.000000000	,	0.000000000	,	0.000000000	,	0
579	,	0.000000000	,	0.000000000	,	0.000000000	,	0
580	,	0.000000000	,	0.000000000	,	0.000000000	,	0
581	,	0.000000000	,	0.000000000	,	0.000000000	,	0
582	,	0.000000000	,	0.000000000	,	0.000000000	,	0
583	,	0.000000000	,	0.000000000	,	0.000000000	,	0
584	,	0.000000000	,	0.000000000	,	0.000000000	,	0
585	,	0.000000000	,	0.000000000	,	0.000000000	,	0
586	,	0.000000000	,	0.000000000	,	0.000000000	,	0
587	,	0.000000000	,	0.000000000	,	0.000000000	,	0
588	,	0.000000000	,	0.000000000	,	0.000000000	,	0
589	,	0.000000000	,	0.000000000	,	0.000000000	,	0
590	,	0.000000000	,	0.000000000	,	0.000000000	,	0
591	,	0.000000000	,	0.000000000	,	0.000000000	,	0
592	,	0.000000000	,	0.000000000	,	0.000000000	,	0
593	,	0.000000000	,	0.000000000	,	0.000000000	,	0
594	,	0.000000000	,	0.000000000	,	0.000000000	,	0
595	,	0.000000000	,	0.000000000	,	0.000000000	,	0
596	,	0.000000000	,	0.000000000	,	0.000000000	,	0
597	,	0.000000000	,	0.000000000	,	0.000000000	,	0
598	,	0.000000000	,	0.000000000	,	0.000000000	,	0
599	,	0.000000000	,	0.000000000	,	0.000000000	,	0
600	,	0.000000000	,	0.000000000	,	0.000000000	,	0
601	,	0.000000000	,	0.000000000	,	0.000000000	,	0
602	,	0.000000000	,	0.000000000	,	0.000000000	,	0
603	,	0.000000000	,	0.000000000	,	0.000000000	,	0
604	,	0.000000000	,	0.000000000	,	0.000000000	,	0
605	,	0.000000000	,	0.000000000	,	0.000000000	,	0
606	,	0.000000000	,	0.000000000	,	0.000000000	,	0
607	,	0.000000000	,	0.000000000	,	0.000000000	,	0
608	,	0.000000000	,	0.000000000	,	0.000000000	,	0
609	,	0.000000000	,	0.000000000	,	0.000000000	,	0
610	,	0.000000000	,	0.000000000	,	0.000000000	,	0
611	,	0.000000000	,	0.000000000	,	0.000000000	,	0
612	,	0.000000000	,	0.000000000	,	0.000000000	,	0
613	,	0.000000000	,	0.000000000	,	0.000000000	,	0
614	,	0.000000000	,	0.000000000	,	0.000000000	,	0
615	,	0.000000000	,	0.000000000	,	0.000000000	,	0
616	,	0.000000000	,	0.000000000	,	0.000000000	,	0
617	,	0.000000000	,	0.000000000	,	0.000000000	,	0
618	,	0.000000000	,	0.000000000	,	0.000000000	,	0
619	,	0.000000000	,	0.000000000	,	0.000000000	,	0
620	,	0.000000000	,	0.000000000	,	0.000000000	,	0
621	,	0.000000000	,	0.000000000	,	0.000000000	,	0
622	,	0.000000000	,	0.000000000	,	0.000000000	,	0
623	,	0.000000000	,	0.000000000	,	0.000000000	,	0
624	,	0.000000000	,	0.000000000	,	0.000000000	,	0
625	,	0.000000000	,	0.000000000	,	0.000000000	,	0
626	,	0.000000000	,	0.000000000	,	0.000000000	,	0
627	,	0.000000000	,	0.000000000	,	0.000000000	,	0
628	,	0.000000000	,	0.000000000	,	0.000000000	,	0
629	,	0.000000000	,	0.000000000	,	0.000000000	,	0
630	,	0.000000000	,	0.000000000	,	0.000000000	,	0
631	,	0.000000000	,	0.000000000	,	0.000000000	,	0
632	,	0.000000000	,	0.000000000	,	0.000000000	,	0
633	,	0.000000000	,	0.000000000	,	0.000000000	,	0
634	,	0.000000000	,	0.000000000	,	0.000000000	,	0
635	,	0.000000000	,	0.000000000	,	0.000000000	,	0
636	,	0.000000000	,	0.000000000	,	0.000000000	,	0
637	,	0.000000000	,	0.000000000	,	0.000000000	,	0
638	,	0.000000000	,	0.000000000	,	0.000000000	,	0
639	,	0.000000000	,	0.000000000	,	0.000000000	,	0
640	,	0.000000000	,	0.000000000	,	0.000000000	,	0
641	,	0.000000000	,	0.000000000	,	0.000000000	,	0
642	,	0.000000000	,	0.000000000	,	0.000000000	,	0
643	,	0.000000000	,	0.000000000	,	0.000000000	,	0
644	,	0.000000000	,	0.000000000	,	0.000000000	,	0
645	,	0.000000000	,	0.000000000	,	0.000000000	,	0
646	,	0.000000000	,	0.000000000	,	0.000000000	,	0
647	,	0.000000000	,	0.000000000	,	0.000000000	,	0
648	,	0.000000000	,	0.000000000	,	0.000000000	,	0
649	,	0.000000000	,	0.000000000	,	0.000000000	,	0
650	,	0.000000000	,	0.000000000	,	0.000000000	,	0
651	,	0.000000000	,	0.000000000	,	0.000000000	,	0
652	,	0.000000000	,	0.000000000	,	0.000000000	,	0
653	,	0.000000000	,	0.000000000	,	0.000000000	,	0
654	,	0.000000000	,	0.000000000	,	0.000000000	,	0
655	,	0.000000000	,	0.000000000	,	0.000000000	,	0
656	,	0.000000000	,	0.000000000	,	0.000000000	,	0
657	,	0.000000000	,	0.000000000	,	0.000000000	,	0
658	,	0.000000000	,	0.000000000	,	0.000000000	,	0
659	,	0.000000000	,	0.000000000	,	0.000000000	,	0
660	,	0.000000000	,	0.000000000	,	0.000000000	,	0
661	,	0.000000000	,	0.000000000	,	0.000000000	,	0
662	,	0.000000000	,	0.000000000	,	0.000000000	,	0
663	,	0.000000000	,	0.000000000	,	0.000000000	,	0
664	,	0.000000000	,	0.000000000	,	0.000000000	,	0
665	,	0.000000000	,	0.000000000	,	0.000000000	,	0
666	,	0.000000000	,	0.000000000	,	0.000000000	,	0
667	,	0.000000000	,	0.000000000	,	0.000000000	,	0
668	,	0.000000000	,	0.000000000	,	0.000000000	,	0
669	,	0.000000000	,	0.000000000	,	0.000000000	,	0
670	,	0.000000000	,	0.000000000	,	0.000000000	,	0
671	,	0.000000000	,	0.000000000	,	0.000000000	,	0
672	,	0.000000000	,	0.000000000	,	0.000000000	,	0
673	,	0.000000000	,	0.000000000	,	0.000000000	,	0
674	,	0.000000000	,	0.000000000	,	0.000000000	,	0
675	,	0.000000000	,	0.000000000	,	0.000000000	,	0
676	,	0.000000000	,	0.000000000	,	0.000000000	,	0
677	,	0.000000000	,	0.000000000	,	0.000000000	,	0
678	,	0.000000000	,	0.000000000	,	0.000000000	,	0
679	,	0.000000000	,	0.000000000	,	0.000000000	,	0
680	,	0.000000000	,	0.000000000	,	0.000000000	,	0
681	,	0.000000000	,	0.000000000	,	0.000000000	,	0
682	,	0.000000000	,	0.000000000	,	0.000000000	,	0
683	,	0.000000000	,	0.000000000	,	0.000000000	,	0
684	,	0.000000000	,	0.000000000	,	0.000000000	,	0
685	,	0.000000000	,	0.000000000	,	0.000000000	,	0
686	,	0.000000000	,	0.000000000	,	0.000000000	,	0
687	,	0.000000000	,	0.000000000	,	0.000000000	,	0
688	,	0.000000000	,	0.000000000	,	0.000000000	,	0
689	,	0.000000000	,	0.000000000	,	0.000000000	,	0
690	,	0.000000000	,	0.000000000	,	0.000000000	,	0
691	,	0.000000000	,	0.000000000	,	0.000000000	,	0
692	,	0.000000000	,	0.000000000	,	0.000000000	,	0
693	,	0.000000000	,	0.000000000	,	0.000000000	,	0
694	,	0.000000000	,	0.000000000	,	0.000000000	,	0
695	,	0.000000000	,	0.000000000	,	0.000000000	,	0
696	,	0.000000000	,	0.000000000	,	0.000000000	,	0
697	,	0.000000000	,	0.000000000	,	0.000000000	,	0
698	,	0.000000000	,	0.000000000	,	0.000000000	,	0
699	,	0.000000000	,	0.000000000	,	0.000000000	,	0
700	,	0.000000000	,	0.000000000	,	0.000000000	,	0
701	,	0.000000000	,	0.000000000	,	0.000000000	,	0
702	,	0.000000000	,	0.000000000	,	0.000000000	,	0
703	,	0.000000000	,	0.000000000	,	0.000000000	,	0
704	,	0.000000000	,	0.000000000	,	0.000000000	,	0
705	,	0.000000000	,	0.000000000	,	0.000000000	,	0
706	,	0.000000000	,	0.000000000	,	0.000000000	,	0
707	,	0.000000000	,	0.000000000	,	0.000000000	,	0
708	,	0.000000000	,	0.000000000	,	0.000000000	,	0
709	,	0.000000000	,	0.000000000	,	0.000000000	,	0
710	,	0.000000000	,	0.000000000	,	0.000000000	,	0
711	,	0.000000000	,	0.000000000	,	0.000000000	,	0
712	,	0.000000000	,	0.000000000	,	0.000000000	,	0
713	,	0.000000000	,	0.000000000	,	0.000000000	,	0
714	,	0.000000000	,	0.000000000	,	0.000000000	,	0
715	,	0.000000000	,	0.000000000	,	0.000000000	,	0
716	,	0.000000000	,	0.000000000	,	0.000000000	,	0
717	,	0.000000000	,	0.000000000	,	0.000000000	,	0
718	,	0.000000000	,	0.000000000	,	0.000000000	,	0
719	,	0.000000000	,	0.000000000	,	0.000000000	,	0
720	,	0.000000000	,	0.000000000	,	0.000000000	,	0
721	,	0.000000000	,	0.000000000	,	0.000000000	,	0
722	,	0.000000000	,	0.000000000	,	0.000000000	,	0
723	,	0.000000000	,	0.000000000	,	0.000000000	,	0
724	,	0.000000000	,	0.000000000	,	0.000000000	,	0
725	,	0.000000000	,	0.000000000	,	0.000000000	,	0
726	,	0.000000000	,	0.000000000	,	0.000000000	,	0
727	,	0.000000000	,	0.000000000	,	0.000000000	,	0
728	,	0.000000000	,	0.000000000	,	0.000000000	,	0
729	,	0.000000000	,	0.000000000	,	0.000000000	,	0
730	,	0.000000000	,	0.000000000	,	0.000000000	,	0
731	,	0.000000000	,	0.000000000	,	0.000000000	,	0
732	,	0.000000000	,	0.000000000	,	0.000000000	,	0
733	,	0.000000000	,	0.000000000	,	0.000000000	,	0
734	,	0.000000000	,	0.000000000	,	0.000000000	,	0
735	,	0.000000000	,	0.000000000	,	0.000000000	,	0
736	,	0.000000000	,	0.000000000	,	0.000000000	,	0
737	,	0.000000000	,	0.000000000	,	0.000000000	,	0
738	,	0.000000000	,	0.000000000	,	0.000000000	,	0
739	,	0.000000000	,	0.000000000	,	0.000000000	,	0
740	,	0.000000000	,	0.000000000	,	0.000000000	,	0
741	,	0.000000000	,	0.000000000	,	0.000000000	,	0
742	,	0.000000000	,	0.000000000	,	0.000000000	,	0
743	,	0.000000000	,	0.000000000	,	0.000000000	,	0
744	,	0.000000000	,	0.000000000	,	0.000000000	,	0
745	,	0.000000000	,	0.000000000	,	0.000000000	,	0
746	,	0.000000000	,	0.000000000	,	0.000000000	,	0
747	,	0.000000000	,	0.000000000	,	0.000000000	,	0
748	,	0.000000000	,	0.000000000	,	0.000000000	,	0
749	,	0.000000000	,	0.000000000	,	0.000000000	,	0
750	,	0.000000000	,	0.000000000	,	0.000000000	,	0
751	,	0.000000000	,	0.000000000	,	0.000000000	,	0
752	,	0.000000000	,	0.000000000	,	0.000000000	,	0
753	,	0.000000000	,	0.000000000	,	0.000000000	,	0
754	,	0.000000000	,	0.000000000	,	0.000000000	,	0
755	,	0.000000000	,	0.000000000	,	0.000000000	,	0
756	,	0.000000000	,	0.000000000	,	0.000000000	,	0
757	,	0.000000000	,	0.000000000	,	0.000000000	,	0
758	,	0.000000000	,	0.000000000	,	0.000000000	,	0
759	,	0.000000000	,	0.000000000	,	0.000000000	,	0
760	,	0.000000000	,	0.000000000	,	0.000000000	,	0
761	,	0.000000000	,	0.000000000	,	0.000000000	,	0
762	,	0.000000000	,	0.000000000	,	0.000000000	,	0
763	,	0.000000000	,	0.000000000	,	0.000000000	,	0
764	,	0.000000000	,	0.000000000	,	0.000000000	,	0
765	,	0.000000000	,	0.000000000	,	0.000000000	,	0
766	,	0.000000000	,	0.000000000	,	0.000000000	,	0
767	,	0.000000000	,	0.000000000	,	0.000000000	,	0
768	,	0.000000000	,	0.000000000	,	0.000000000	,	0
769	,	0.000000000	,	0.000000000	,	0.000000000	,	0
770	,	0.000000000	,	0.000000000	,	0.000000000	,	0
771	,	0.000000000	,	0.000000000	,	0.000000000	,	0
772	,	0.000000000	,	0.000000000	,	0.000000000	,	0
773	,	0.000000000	,	0.000000000	,	0.000000000	,	0
774	,	0.000000000	,	0.000000000	,	0.000000000	,	0
775	,	0.000000000	,	0.000000000	,	0.000000000	,	0
776	,	0.000000000	,	0.000000000	,	0.000000000	,	0
777	,	0.000000000	,	0.000000000	,	0.000000000	,	0
778	,	0.000000000	,	0.000000000	,	0.000000000	,	0
779	,	0.000000000	,	0.000000000	,	0.000000000	,	0
780	,	0.000000000	,	0.000000000	,	0.000000000	,	0
781	,	0.000000000	,	0.000000000	,	0.000000000	,	0
782	,	0.000000000	,	0.000000000	,	0.000000000	,	0
783	,	0.000000000	,	0.000000000	,	0.000000000	,	0
784	,	0.000000000	,	0.000000000	,	0.000000000	,	0
785	,	0.000000000	,	0.000000000	,	0.000000000	,	0
786	,	0.000000000	,	0.000000000	,	0.000000000	,	0
787	,	0.000000000	,	0.000000000	,	0.000000000	,	0
788	,	0.000000000	,	0.000000000	,	0.000000000	,	0
789	,	0.000000000	,	0.000000000	,	0.000000000	,	0
790	,	0.000000000	,	0.000000000	,	0.000000000	,	0
791	,	0.000000000	,	0.000000000	,	0.000000000	,	0
792	,	0.000000000	,	0.000000000	,	0.000000000	,	0
793	,	0.000000000	,	0.000000000	,	0.000000000	,	0
794	,	0.000000000	,	0.000000000	,	0.000000000	,	0
795	,	0.000000000	,	0.000000000	,	0.000000000	,	0
796	,	0.000000000	,	0.000000000	,	0.000000000	,	0
797	,	0.000000000	,	0.000000000	,	0.000000000	,	0
798	,	0.000000000	,	0.000000000	,	0.000000000	,	0
799	,	0.000000000	,	0.000000000	,	0.000000000	,	0
800	,	0.000000000	,	0.000000000	,	0.000000000	,	0
801	,	0.000000000	,	0.000000000	,	0.000000000	,	0
802	,	0.000000000	,	0.000000000	,	0.000000000	,	0
803	,	0.000000000	,	0.000000000	,	0.000000000	,	0
804	,	0.000000000	,	0.000000000	,	0.000000000	,	0
805	,	0.000000000	,	0.000000000	,	0.000000000	,	0
806	,	0.000000000	,	0.000000000	,	0.000000000	,	0
807	,	0.000000000	,	0.000000000	,	0.000000000	,	0
808	,	0.000000000	,	0.000000000	,	0.000000000	,	0
809	,	0.000000000	,	0.000000000	,	0.000000000	,	0
810	,	0.000000000	,	0.000000000	,	0.000000000	,	0
811	,	0.000000000	,	0.000000000	,	0.000000000	,	0
812	,	0.000000000	,	0.000000000	,	0.000000000	,	0
813	,	0.000000000	,	0.000000000	,	0.000000000	,	0
814	,	0.000000000	,	0.000000000	,	0.000000000	,	0
815	,	0.000000000	,	0.000000000	,	0.000000000	,	0
816	,	0.000000000	,	0.000000000	,	0.000000000	,	0
817	,	0.000000000	,	0.000000000	,	0.000000000	,	0
818	,	0.000000000	,	0.000000000	,	0.000000000	,	0
819	,	0.000000000	,	0.000000000	,	0.000000000	,	0
820	,	0.000000000	,	0.000000000	,	0.000000000	,	0
821	,	0.000000000	,	0.000000000	,	0.000000000	,	0
822	,	0.000000000	,	0.000000000	,	0.000000000	,	0
823	,	0.000000000	,	0.000000000	,	0.000000000	,	0
824	,	0.000000000	,	0.000000000	,	0.000000000	,	0
825	,	0.000000000	,	0.000000000	,	0.000000000	,	0
826	,	0.000000000	,	0.000000000	,	0.000000000	,	0
827	,	0.000000000	,	0.000000000	,	0.000000000	,	0
828	,	0.000000000	,	0.000000000	,	0.000000000	,	0
829	,	0.000000000	,	0.000000000	,	0.000000000	,	0
830	,	0.000000000	,	0.000000000	,	0.000000000	,	0
831	,	0.000000000	,	0.000000000	,	0.000000000	,	0
832	,	0.000000000	,	0.000000000	,	0.000000000	,	0
833	,	0.000000000	,	0.000000000	,	0.000000000	,	0
834	,	0.000000000	,	0.000000000	,	0.000000000	,	0
835	,	0.000000000	,	0.000000000	,	0.000000000	,	0
836	,	0.000000000	,	0.000000000	,	0.000000000	,	0
837	,	0.000000000	,	0.000000000	,	0.000000000	,	0
838	,	0.000000000	,	0.000000000	,	0.000000000	,	0
839	,	0.000000000	,	0.000000000	,	0.000000000	,	0
840	,	0.000000000	,	0.000000000	,	0.000000000	,	0
841	,	0.000000000	,	0.000000000	,	0.000000000	,	0
842	,	0.000000000	,	0.000000000	,	0.000000000	,	0
843	,	0.000000000	,	0.000000000	,	0.000000000	,	0
844	,	0.000000000	,	0.000000000	,	0.000000000	,	0
845	,	0.000000000	,	0.000000000	,	0.000000000	,	0
846	,	0.000000000	,	0.000000000	,	0.000000000	,	0
847	,	0.000000000	,	0.000000000	,	0.000000000	,	0
848	,	0.000000000	,	0.000000000	,	0.000000000	,	0
849	,	0.000000000	,	0.000000000	,	0.000000000	,	0
850	,	0.000000000	,	0.000000000	,	0.000000000	,	0
851	,	0.000000000	,	0.000000000	,	0.000000000	,	0
852	,	0.000000000	,	0.000000000	,	0.000000000	,	0
853	,	0.000000000	,	0.000000000	,	0.000000000	,	0
854	,	0.000000000	,	0.000000000	,	0.000000000	,	0
855	,	0.000000000	,	0.000000000	,	0.000000000	,	0
856	,	0.000000000	,	0.000000000	,	0.000000000	,	0
857	,	0.000000000	,	0.000000000	,	0.000000000	,	0
858	,	0.000000000	,	0.000000000	,	0.000000000	,	0
859	,	0.000000000	,	0.000000000	,	0.000000000	,	0
860	,	0.000000000	,	0.000000000	,	0.000000000	,	0
861	,	0.000000000	,	0.000000000	,	0.000000000	,	0
862	,	0.000000000	,	0.000000000	,	0.000000000	,	0
863	,	0.000000000	,	0.000000000	,	0.000000000	,	0
864	,	0.000000000	,	0.000000000	,	0.000000000	,	0
865	,	0.000000000	,	0.000000000	,	0.000000000	,	0
866	,	0.000000000	,	0.000000000	,	0.000000000	,	0
867	,	0.000000000	,	0.000000000	,	0.000000000	,	0
868	,	0.000000000	,	0.000000000	,	0.000000000	,	0
869	,	0.000000000	,	0.000000000	,	0.000000000	,	0
870	,	0.000000000	,	0.000000000	,	0.000000000	,	0
871	,	0.000000000	,	0.000000000	,	0.000000000	,	0
872	,	0.000000000	,	0.000000000	,	0.000000000	,	0
873	,	0.000000000	,	0.000000000	,	0.000000000	,	0
874	,	0.000000000	,	0.000000000	,	0.000000000	,	0
875	,	0.000000000	,	0.000000000	,	0.000000000	,	0
876	,	0.000000000	,	0.000000000	,	0.000000000	,	0
877	,	0.000000000	,	0.000000000	,	0.000000000	,	0
878	,	0.000000000	,	0.000000000	,	0.000000000	,	0
879	,	0.000000000	,	0.000000000	,	0.000000000	,	0
880	,	0.000000000	,	0.000000000	,	0.000000000	,	0
881	,	0.000000000	,	0.000000000	,	0.000000000	,	0
882	,	0.000000000	,	0.000000000	,	0.000000000	,	0
883	,	0.000000000	,	0.000000000	,	0.000000000	,	0
884	,	0.000000000	,	0.000000000	,	0.000000000	,	0
885	,	0.000000000	,	0.000000000	,	0.000000000	,	0
886	,	0.000000000	,	0.000000000	,	0.000000000	,	0
887	,	0.000000000	,	0.000000000	,	0.000000000	,	0
888	,	0.000000000	,	0.000000000	,	0.000000000	,	0
889	,	0.000000000	,	0.000000000	,	0.000000000	,	0
890	,	0.000000000	,	0.000000000	,	0.000000000	,	0
891	,	0.000000000	,	0.000000000	,	0.000000000	,	0
892	,	0.000000000	,	0.000000000	,	0.000000000	,	0
893	,	0.000000000	,	0.000000000	,	0.000000000	,	0
894	,	0.000000000	,	0.000000000	,	0.000000000	,	0
895	,	0.000000000	,	0.000000000	,	0.000000000	,	0
896	,	0.000000000	,	0.000000000	,	0.000000000	,	0
897	,	0.000000000	,	0.000000000	,	0.000000000	,	0
898	,	0.000000000	,	0.000000000	,	0.000000000	,	0
899	,	0.000000000	,	0.000000000	,	0.000000000	,	0
900	,	0.000000000	,	0.000000000	,	0.000000000	,	0
901	,	0.000000000	,	0.000000000	,	0.000000000	,	0
902	,	0.000000000	,	0.000000000	,	0.000000000	,	0
903	,	0.000000000	,	0.000000000	,	0.000000000	,	0
904	,	0.000000000	,	0.000000000	,	0.000000000	,	0
905	,	0.000000000	,	0.000000000	,	0.000000000	,	0
906	,	0.000000000	,	0.000000000	,	0.000000000	,	0
907	,	0.000000000	,	0.000000000	,	0.000000000	,	0
908	,	0.000000000	,	0.000000000	,	0.000000000	,	0
909	,	0.000000000	,	0.000000000	,	0.000000000	,	0
910	,	0.000000000	,	0.000000000	,	0.000000000	,	0
911	,	0.000000000	,	0.000000000	,	0.000000000	,	0
912	,	0.000000000	,	0.000000000	,	0.000000000	,	0
913	,	0.000000000	,	0.000000000	,	0.000000000	,	0
914	,	0.000000000	,	0.000000000	,	0.000000000	,	0
915	,	0.000000000	,	0.000000000	,	0.000000000	,	0
916	,	0.000000000	,	0.000000000	,	0.000000000	,	0
917	,	0.000000000	,	0.000000000	,	0.000000000	,	0
918	,	0.000000000	,	0.000000000	,	0.000000000	,	0
919	,	0.000000000	,	0.000000000	,	0.000000000	,	0
920	,	0.000000000	,	0.000000000	,	0.000000000	,	0
921	,	0.000000000	,	0.000000000	,	0.000000000	,	0
922	,	0.000000000	,	0.000000000	,	0.000000000	,	0
923	,	0.000000000	,	0.000000000	,	0.000000000	,	0
924	,	0.000000000	,	0.000000000	,	0.000000000	,	0
925	,	0.000000000	,	0.000000000	,	0.000000000	,	0
926	,	0.000000000	,	0.000000000	,	0.000000000	,	0
927	,	0.000000000	,	0.000000000	,	0.000000000	,	0
928	,	0.000000000	,	0.000000000	,	0.000000000	,	0
929	,	0.000000000	,	0.000000000	,	0.000000000	,	0
930	,	0.000000000	,	0.000000000	,	0.000000000	,	0
931	,	0.000000000	,	0.000000000	,	0.000000000	,	0
932	,	0.000000000	,	0.000000000	,	0.000000000	,	0
933	,	0.000000000	,	0.000000000	,	0.000000000	,	0
934	,	0.000000000	,	0.000000000	,	0.000000000	,	0
935	,	0.000000000	,	0.000000000	,	0.000000000	,	0
936	,	0.000000000	,	0.000000000	,	0.000000000	,	0
937	,	0.000000000	,	0.000000000	,	0.000000000	,	0
938	,	0.000000000	,	0.000000000	,	0.000000000	,	0
939	,	0.000000000	,	0.000000000	,	0.000000000	,	0
940	,	0.000000000	,	0.000000000	,	0.000000000	,	0
941	,	0.000000000	,	0.000000000	,	0.000000000	,	0
942	,	0.000000000	,	0.000000000	,	0.000000000	,	0
943	,	0.000000000	,	0.000000000	,	0.000000000	,	0
944	,	0.000000000	,	0.000000000	,	0.000000000	,	0
945	,	0.000000000	,	0.000000000	,	0.000000000	,	0
946	,	0.000000000	,	0.000000000	,	0.000000000	,	0
947	,	0.000000000	,	0.000000000	,	0.000000000	,	0
948	,	0.000000000	,	0.000000000	,	0.000000000	,	0
949	,	0.000000000	,	0.000000000	,	0.000000000	,	0
950	,	0.000000000	,	0.000000000	,	0.000000000	,	0
951	,	0.000000000	,	0.000000000	,	0.000000000	,	0
952	,	0.000000000	,	0.000000000	,	0.000000000	,	0
953	,	0.000000000	,	0.000000000	,	0.000000000	,	0
954	,	0.000000000	,	0.000000000	,	0.000000000	,	0
955	,	0.000000000	,	0.000000000	,	0.000000000	,	0
956	,	0.000000000	,	0.000000000	,	0.000000000	,	0
957	,	0.000000000	,	0.000000000	,	0.000000000	,	0
958	,	0.000000000	,	0.000000000	,	0.000000000	,	0
959	,	0.000000000	,	0.000000000	,	0.000000000	,	0
960	,	0.000000000	,	0.000000000	,	0.000000000	,	0
961	,	0.000000000	,	0.000000000	,	0.000000000	,	0
962	,	0.000000000	,	0.000000000	,	0.000000000	,	0
963	,	0.000000000	,	0.000000000	,	0.000000000	,	0
964	,	0.000000000	,	0.000000000	,	0.000000000	,	0
965	,	0.000000000	,	0.000000000	,	0.000000000	,	0
966	,	0.000000000	,	0.000000000	,	0.000000000	,	0
967	,	0.000000000	,	0.000000000	,	0.000000000	,	0
968	,	0.000000000	,	0.000000000	,	0.000000000	,	0
969	,	0.000000000	,	0.000000000	,	0.000000000	,	0
970	,	0.000000000	,	0.000000000	,	0.000000000	,	0
971	,	0.000000000	,	0.000000000	,	0.000000000	,	0
972	,	0.000000000	,	0.000000000	,	0.000000000	,	0
973	,	0.000000000	,	0.000000000	,	0.000000000	,	0
974	,	0.000000000	,	0.000000000	,	0.000000000	,	0
975	,	0.000000000	,	0.000000000	,	0.000000000	,	0
976	,	0.000000000	,	0.000000000	,	0.000000000	,	0
977	,	0.000000000	,	0.000000000	,	0.000000000	,	0
978	,	0.000000000	,	0.000000000	,	0.000000000	,	0
979	,	0.000000000	,	0.000000000	,	0.000000000	,	0
980	,	0.000000000	,	0.000000000	,	0.000000000	,	0
981	,	0.000000000	,	0.000000000	,	0.000000000	,	0
982	,	0.000000000	,	0.000000000	,	0.000000000	,	0
983	,	0.000000000	,	0.000000000	,	0.000000000	,	0
984	,	0.000000000	,	0.000000000	,	0.000000000	,	0
985	,	0.000000000	,	0.000000000	,	0.000000000	,	0
986	,	0.000000000	,	0.000000000	,	0.000000000	,	0
987	,	0.000000000	,	0.000000000	,	0.000000000	,	0
988	,	0.000000000	,	0.000000000	,	0.000000000	,	0
989	,	0.000000000	,	0.000000000	,	0.000000000	,	0
990	,	0.000000000	,	0.000000000	,	0.000000000	,	0
991	,	0.000000000	,	0.000000000	,	0.000000000	,	0
992	,	0.000000000	,	0.000000000	,	0.000000000	,	0
993	,	0.000000000	,	0.000000000	,	0.000000000	,	0
994	,	0.000000000	,	0.000000000	,	0.000000000	,	0
995	,	0.000000000	,	0.000000000	,	0.000000000	,	0
996	,	0.000000000	,	0.000000000	,	0.000000000	,	0
997	,	0.000000000	,	0.000000000	,	0.000000000	,	0
998	,	0.000000000	,	0.000000000	,	0.000000000	,	0
999	,	0.000000000	,	0.000000000	,	0.000000000	,	0
1000	,	0.000000000	,	0.000000000	,	0.000000000	,	0
END